0#0:1,3,4
1#0:0,2,4,5
2#0:1,5,6,28
3#1:0,4,7,8
4#3:0,1,3,5,8,9
5#1:1,2,4,6,9,13
6#2:2,5,13,28,30,38
7#1:3,8,10,14
8#1:3,4,7,9,10,11
9#1:4,5,8,11,12,13
10#0:7,8,11,14,15
11#0:8,9,10,12,15,16,17
12#0:9,11,13,17,18,19
13#0:5,6,9,12,19,37
14#3:7,10,15,21,22
15#1:10,11,14,16,22,23,24
16#3:11,15,17,24,25
17#1:11,12,16,18,20,25,26
18#1:19,12,17,20,46,47
19#2:13,12,18,37,39,46
20#1:18,17,26,47,63
21#1:14,22,23
22#1:14,15,21,23
23#1:15,21,22,24
24#1:15,16,23,25,27
25#1:17,16,24,27,26,64,66
26#3:20,17,25,63,64
27#1:25,24,66,68
28#1:30,29,2,6
29#3:28,30,32
30#0:6,38,41,36,31,32,29,28
31#0:32,30,36,33
32#0:29,30,31,33,34
33#3:34,32,31,36,35
34#0:32,33,35
35#2:34,33,36,45
36#1:30,31,33,35,41,43,44,45
37#3:13,19,38,39,40
38#1:30,37,40,41,6
39#2:19,37,40,46
40#1:37,38,39,41,42,46
41#1:30,36,38,40,42,43
42#3:40,41,43,46,48,49
43#1:36,41,42,44,49,50
44#1:36,43,45,50,51
45#0:35,36,44,51,52
46#2:18,19,39,40,42,47,48
47#3:18,20,46,48,63:18,20
48#1:42,46,47,49,59,60,63
49#1:42,43,48,50,56,59
50#1:43,44,49,51,56
51#1:44,45,50,52,53,55,56
52#1:45,51,53
53#3:51,52,54,55
54#1:53,55
55#1:51,53,54,56,57
56#1:49,50,51,55,57,58,59
57#1:55,56,58,61,62
58#0:56,57,59,60,61
59#3:48,49,56,58,60
60#2:48,58,59,61,63,64
61#1:57,58,60,62,64,65
62#2:57,61,65,67
63#2:20,26,47,48,60,64
64#1:25,26,60,61,63,65,66
65#3:61,62,64,66,67
66#0:25,27,64,65,67,68
67#1:62,65,66,68
68#3:27,66,67:27